m1 = 1;
m2 = .8;
m3 = .3;
l1 = 1;
l2 = .8;
l3 = .3;
g = 9.8;
